# RIBES wing section, from the laser scan, interior points rejected
# CST n=8; pooled residual upper 0.313%c lower 0.343%c
# x/c   z/c upper   z/c lower
0.00000000 0.00000000 0.00000000
0.00001550 0.00083198 -0.00101054
0.00006199 0.00166398 -0.00201987
0.00013948 0.00249594 -0.00302675
0.00024796 0.00332783 -0.00402995
0.00038742 0.00415960 -0.00502825
0.00055785 0.00499122 -0.00602045
0.00075924 0.00582263 -0.00700535
0.00099159 0.00665381 -0.00798179
0.00125487 0.00748471 -0.00894863
0.00154906 0.00831531 -0.00990474
0.00187417 0.00914557 -0.01084903
0.00223015 0.00997546 -0.01178045
0.00261699 0.01080496 -0.01269797
0.00303466 0.01163404 -0.01360060
0.00348315 0.01246268 -0.01448741
0.00396241 0.01329086 -0.01535748
0.00447243 0.01411856 -0.01620997
0.00501316 0.01494578 -0.01704404
0.00558459 0.01577250 -0.01785895
0.00618666 0.01659871 -0.01865397
0.00681935 0.01742442 -0.01942845
0.00748261 0.01824961 -0.02018177
0.00817641 0.01907430 -0.02091337
0.00890069 0.01989847 -0.02162276
0.00965542 0.02072214 -0.02230950
0.01044055 0.02154530 -0.02297319
0.01125603 0.02236798 -0.02361350
0.01210181 0.02319017 -0.02423016
0.01297783 0.02401188 -0.02482295
0.01388405 0.02483313 -0.02539171
0.01482041 0.02565392 -0.02593633
0.01578684 0.02647426 -0.02645677
0.01678329 0.02729415 -0.02695304
0.01780970 0.02811361 -0.02742519
0.01886600 0.02893262 -0.02787334
0.01995213 0.02975121 -0.02829766
0.02106802 0.03056936 -0.02869836
0.02221360 0.03138706 -0.02907572
0.02338880 0.03220431 -0.02943003
0.02459354 0.03302110 -0.02976166
0.02582776 0.03383740 -0.03007102
0.02709138 0.03465318 -0.03035854
0.02838431 0.03546842 -0.03062471
0.02970648 0.03628309 -0.03087005
0.03105781 0.03709712 -0.03109510
0.03243821 0.03791048 -0.03130046
0.03384759 0.03872310 -0.03148673
0.03528587 0.03953491 -0.03165456
0.03675297 0.04034585 -0.03180462
0.03824878 0.04115581 -0.03193758
0.03977321 0.04196471 -0.03205415
0.04132618 0.04277244 -0.03215505
0.04290759 0.04357889 -0.03224101
0.04451733 0.04438394 -0.03231277
0.04615531 0.04518744 -0.03237109
0.04782142 0.04598927 -0.03241671
0.04951557 0.04678926 -0.03245039
0.05123764 0.04758724 -0.03247289
0.05298753 0.04838306 -0.03248496
0.05476514 0.04917652 -0.03248733
0.05657035 0.04996742 -0.03248076
0.05840305 0.05075557 -0.03246596
0.06026312 0.05154076 -0.03244365
0.06215046 0.05232276 -0.03241452
0.06406494 0.05310135 -0.03237926
0.06600645 0.05387628 -0.03233852
0.06797486 0.05464732 -0.03229295
0.06997005 0.05541420 -0.03224316
0.07199191 0.05617668 -0.03218974
0.07404030 0.05693448 -0.03213327
0.07611509 0.05768734 -0.03207427
0.07821616 0.05843498 -0.03201327
0.08034339 0.05917713 -0.03195074
0.08249662 0.05991349 -0.03188713
0.08467574 0.06064380 -0.03182286
0.08688061 0.06136775 -0.03175832
0.08911109 0.06208507 -0.03169388
0.09136704 0.06279546 -0.03162984
0.09364833 0.06349865 -0.03156650
0.09595481 0.06419434 -0.03150412
0.09828633 0.06488226 -0.03144293
0.10064276 0.06556212 -0.03138312
0.10302395 0.06623365 -0.03132485
0.10542975 0.06689658 -0.03126825
0.10786000 0.06755065 -0.03121342
0.11031457 0.06819559 -0.03116043
0.11279330 0.06883117 -0.03110933
0.11529603 0.06945713 -0.03106012
0.11782261 0.07007325 -0.03101279
0.12037289 0.07067930 -0.03096730
0.12294670 0.07127507 -0.03092358
0.12554388 0.07186036 -0.03088156
0.12816428 0.07243497 -0.03084111
0.13080773 0.07299873 -0.03080211
0.13347406 0.07355148 -0.03076440
0.13616312 0.07409305 -0.03072783
0.13887474 0.07462332 -0.03069221
0.14160874 0.07514215 -0.03065734
0.14436497 0.07564944 -0.03062303
0.14714323 0.07614509 -0.03058903
0.14994338 0.07662901 -0.03055514
0.15276522 0.07710114 -0.03052111
0.15560860 0.07756143 -0.03048671
0.15847332 0.07800983 -0.03045168
0.16135921 0.07844632 -0.03041579
0.16426610 0.07887090 -0.03037878
0.16719381 0.07928356 -0.03034040
0.17014214 0.07968432 -0.03030042
0.17311092 0.08007322 -0.03025860
0.17609997 0.08045031 -0.03021469
0.17910910 0.08081563 -0.03016846
0.18213813 0.08116925 -0.03011971
0.18518685 0.08151127 -0.03006821
0.18825510 0.08184177 -0.03001376
0.19134267 0.08216086 -0.02995618
0.19444938 0.08246864 -0.02989529
0.19757503 0.08276525 -0.02983091
0.20071942 0.08305080 -0.02976291
0.20388237 0.08332544 -0.02969114
0.20706368 0.08358932 -0.02961548
0.21026315 0.08384257 -0.02953583
0.21348058 0.08408537 -0.02945210
0.21671578 0.08431786 -0.02936422
0.21996853 0.08454021 -0.02927212
0.22323865 0.08475258 -0.02917578
0.22652592 0.08495515 -0.02907516
0.22983015 0.08514807 -0.02897027
0.23315112 0.08533152 -0.02886111
0.23648864 0.08550565 -0.02874771
0.23984250 0.08567064 -0.02863011
0.24321248 0.08582663 -0.02850839
0.24659839 0.08597380 -0.02838260
0.25000000 0.08611229 -0.02825284
0.25341711 0.08624225 -0.02811922
0.25684951 0.08636382 -0.02798184
0.26029698 0.08647713 -0.02784085
0.26375931 0.08658232 -0.02769638
0.26723629 0.08667950 -0.02754858
0.27072770 0.08676878 -0.02739763
0.27423332 0.08685027 -0.02724368
0.27775294 0.08692406 -0.02708693
0.28128633 0.08699024 -0.02692756
0.28483329 0.08704888 -0.02676576
0.28839358 0.08710005 -0.02660175
0.29196699 0.08714380 -0.02643571
0.29555330 0.08718017 -0.02626787
0.29915229 0.08720921 -0.02609842
0.30276372 0.08723094 -0.02592759
0.30638739 0.08724536 -0.02575558
0.31002305 0.08725249 -0.02558260
0.31367049 0.08725233 -0.02540888
0.31732949 0.08724485 -0.02523460
0.32099981 0.08723004 -0.02505998
0.32468122 0.08720786 -0.02488522
0.32837351 0.08717827 -0.02471050
0.33207643 0.08714123 -0.02453602
0.33578977 0.08709668 -0.02436196
0.33951328 0.08704456 -0.02418850
0.34324674 0.08698480 -0.02401578
0.34698993 0.08691734 -0.02384399
0.35074259 0.08684209 -0.02367325
0.35450452 0.08675897 -0.02350371
0.35827546 0.08666791 -0.02333549
0.36205518 0.08656882 -0.02316871
0.36584346 0.08646160 -0.02300348
0.36964006 0.08634619 -0.02283988
0.37344473 0.08622248 -0.02267801
0.37725726 0.08609039 -0.02251792
0.38107739 0.08594985 -0.02235969
0.38490489 0.08580077 -0.02220336
0.38873953 0.08564307 -0.02204895
0.39258107 0.08547669 -0.02189651
0.39642927 0.08530156 -0.02174604
0.40028388 0.08511762 -0.02159754
0.40414468 0.08492481 -0.02145100
0.40801143 0.08472309 -0.02130640
0.41188387 0.08451243 -0.02116372
0.41576178 0.08429280 -0.02102292
0.41964491 0.08406417 -0.02088394
0.42353302 0.08382654 -0.02074672
0.42742587 0.08357992 -0.02061121
0.43132322 0.08332432 -0.02047733
0.43522483 0.08305975 -0.02034499
0.43913045 0.08278627 -0.02021411
0.44303985 0.08250391 -0.02008460
0.44695278 0.08221274 -0.01995636
0.45086900 0.08191283 -0.01982929
0.45478826 0.08160426 -0.01970327
0.45871033 0.08128715 -0.01957820
0.46263495 0.08096158 -0.01945397
0.46656190 0.08062770 -0.01933046
0.47049091 0.08028563 -0.01920756
0.47442176 0.07993552 -0.01908514
0.47835419 0.07957752 -0.01896310
0.48228796 0.07921182 -0.01884132
0.48622283 0.07883857 -0.01871969
0.49015855 0.07845799 -0.01859809
0.49409489 0.07807026 -0.01847641
0.49803159 0.07767559 -0.01835455
0.50196841 0.07727421 -0.01823241
0.50590511 0.07686633 -0.01810989
0.50984145 0.07645219 -0.01798690
0.51377717 0.07603202 -0.01786334
0.51771204 0.07560607 -0.01773913
0.52164581 0.07517459 -0.01761420
0.52557824 0.07473782 -0.01748848
0.52950909 0.07429602 -0.01736190
0.53343810 0.07384945 -0.01723440
0.53736505 0.07339835 -0.01710593
0.54128967 0.07294300 -0.01697645
0.54521174 0.07248364 -0.01684592
0.54913100 0.07202052 -0.01671431
0.55304722 0.07155391 -0.01658160
0.55696015 0.07108404 -0.01644778
0.56086955 0.07061115 -0.01631282
0.56477517 0.07013549 -0.01617674
0.56867678 0.06965729 -0.01603954
0.57257413 0.06917676 -0.01590122
0.57646698 0.06869414 -0.01576182
0.58035509 0.06820961 -0.01562135
0.58423822 0.06772339 -0.01547985
0.58811613 0.06723565 -0.01533735
0.59198857 0.06674659 -0.01519390
0.59585532 0.06625636 -0.01504954
0.59971612 0.06576512 -0.01490433
0.60357073 0.06527301 -0.01475833
0.60741893 0.06478018 -0.01461160
0.61126047 0.06428673 -0.01446421
0.61509511 0.06379277 -0.01431622
0.61892261 0.06329840 -0.01416770
0.62274274 0.06280370 -0.01401874
0.62655527 0.06230874 -0.01386941
0.63035994 0.06181356 -0.01371979
0.63415654 0.06131823 -0.01356997
0.63794482 0.06082276 -0.01342001
0.64172454 0.06032717 -0.01327001
0.64549548 0.05983147 -0.01312005
0.64925741 0.05933566 -0.01297020
0.65301007 0.05883972 -0.01282056
0.65675326 0.05834361 -0.01267121
0.66048672 0.05784732 -0.01252221
0.66421023 0.05735078 -0.01237366
0.66792357 0.05685394 -0.01222563
0.67162649 0.05635675 -0.01207819
0.67531878 0.05585913 -0.01193141
0.67900019 0.05536100 -0.01178536
0.68267051 0.05486229 -0.01164012
0.68632951 0.05436290 -0.01149574
0.68997695 0.05386275 -0.01135228
0.69361261 0.05336175 -0.01120979
0.69723628 0.05285979 -0.01106834
0.70084771 0.05235678 -0.01092797
0.70444670 0.05185263 -0.01078873
0.70803301 0.05134724 -0.01065065
0.71160642 0.05084052 -0.01051378
0.71516671 0.05033238 -0.01037814
0.71871367 0.04982272 -0.01024377
0.72224706 0.04931148 -0.01011070
0.72576668 0.04879856 -0.00997894
0.72927230 0.04828391 -0.00984851
0.73276371 0.04776745 -0.00971944
0.73624069 0.04724913 -0.00959172
0.73970302 0.04672890 -0.00946536
0.74315049 0.04620674 -0.00934038
0.74658289 0.04568260 -0.00921677
0.75000000 0.04515647 -0.00909453
0.75340161 0.04462835 -0.00897366
0.75678752 0.04409824 -0.00885414
0.76015750 0.04356616 -0.00873597
0.76351136 0.04303214 -0.00861913
0.76684888 0.04249621 -0.00850362
0.77016985 0.04195845 -0.00838941
0.77347408 0.04141891 -0.00827649
0.77676135 0.04087768 -0.00816483
0.78003147 0.04033484 -0.00805443
0.78328422 0.03979052 -0.00794525
0.78651942 0.03924482 -0.00783728
0.78973685 0.03869788 -0.00773048
0.79293632 0.03814984 -0.00762485
0.79611763 0.03760087 -0.00752035
0.79928058 0.03705113 -0.00741696
0.80242497 0.03650080 -0.00731466
0.80555062 0.03595007 -0.00721342
0.80865733 0.03539915 -0.00711322
0.81174490 0.03484824 -0.00701404
0.81481315 0.03429755 -0.00691586
0.81786187 0.03374733 -0.00681865
0.82089090 0.03319780 -0.00672240
0.82390003 0.03264920 -0.00662708
0.82688908 0.03210178 -0.00653268
0.82985786 0.03155579 -0.00643918
0.83280619 0.03101148 -0.00634657
0.83573390 0.03046912 -0.00625482
0.83864079 0.02992896 -0.00616393
0.84152668 0.02939126 -0.00607388
0.84439140 0.02885628 -0.00598467
0.84723478 0.02832429 -0.00589627
0.85005662 0.02779553 -0.00580869
0.85285677 0.02727027 -0.00572190
0.85563503 0.02674876 -0.00563592
0.85839126 0.02623123 -0.00555073
0.86112526 0.02571794 -0.00546632
0.86383688 0.02520912 -0.00538269
0.86652594 0.02470499 -0.00529984
0.86919227 0.02420578 -0.00521776
0.87183572 0.02371168 -0.00513646
0.87445612 0.02322291 -0.00505593
0.87705330 0.02273965 -0.00497616
0.87962711 0.02226209 -0.00489717
0.88217739 0.02179039 -0.00481894
0.88470397 0.02132470 -0.00474148
0.88720670 0.02086517 -0.00466479
0.88968543 0.02041193 -0.00458887
0.89214000 0.01996510 -0.00451371
0.89457025 0.01952479 -0.00443932
0.89697605 0.01909108 -0.00436570
0.89935724 0.01866405 -0.00429284
0.90171367 0.01824376 -0.00422074
0.90404519 0.01783027 -0.00414941
0.90635167 0.01742362 -0.00407883
0.90863296 0.01702381 -0.00400901
0.91088891 0.01663087 -0.00393994
0.91311939 0.01624479 -0.00387162
0.91532426 0.01586556 -0.00380404
0.91750338 0.01549314 -0.00373720
0.91965661 0.01512750 -0.00367109
0.92178384 0.01476858 -0.00360571
0.92388491 0.01441633 -0.00354105
0.92595970 0.01407067 -0.00347709
0.92800809 0.01373153 -0.00341384
0.93002995 0.01339880 -0.00335129
0.93202514 0.01307239 -0.00328942
0.93399355 0.01275220 -0.00322822
0.93593506 0.01243812 -0.00316769
0.93784954 0.01213003 -0.00310782
0.93973688 0.01182779 -0.00304859
0.94159695 0.01153130 -0.00299000
0.94342965 0.01124042 -0.00293203
0.94523486 0.01095502 -0.00287468
0.94701247 0.01067496 -0.00281794
0.94876236 0.01040011 -0.00276180
0.95048443 0.01013034 -0.00270624
0.95217858 0.00986552 -0.00265126
0.95384469 0.00960551 -0.00259686
0.95548267 0.00935019 -0.00254302
0.95709241 0.00909944 -0.00248975
0.95867382 0.00885313 -0.00243703
0.96022679 0.00861116 -0.00238486
0.96175122 0.00837341 -0.00233324
0.96324703 0.00813978 -0.00228216
0.96471413 0.00791018 -0.00223164
0.96615241 0.00768451 -0.00218166
0.96756179 0.00746271 -0.00213223
0.96894219 0.00724469 -0.00208336
0.97029352 0.00703040 -0.00203505
0.97161569 0.00681978 -0.00198731
0.97290862 0.00661279 -0.00194015
0.97417224 0.00640939 -0.00189358
0.97540646 0.00620956 -0.00184760
0.97661120 0.00601329 -0.00180225
0.97778640 0.00582056 -0.00175752
0.97893198 0.00563138 -0.00171345
0.98004787 0.00544577 -0.00167004
0.98113400 0.00526375 -0.00162732
0.98219030 0.00508535 -0.00158531
0.98321671 0.00491062 -0.00154404
0.98421316 0.00473960 -0.00150353
0.98517959 0.00457236 -0.00146381
0.98611595 0.00440896 -0.00142490
0.98702217 0.00424948 -0.00138683
0.98789819 0.00409399 -0.00134964
0.98874397 0.00394259 -0.00131335
0.98955945 0.00379536 -0.00127799
0.99034458 0.00365241 -0.00124361
0.99109931 0.00351384 -0.00121023
0.99182359 0.00337976 -0.00117788
0.99251739 0.00325027 -0.00114659
0.99318065 0.00312549 -0.00111641
0.99381334 0.00300554 -0.00108736
0.99441541 0.00289052 -0.00105948
0.99498684 0.00278055 -0.00103280
0.99552757 0.00267575 -0.00100736
0.99603759 0.00257623 -0.00098317
0.99651685 0.00248210 -0.00096028
0.99696534 0.00239347 -0.00093872
0.99738301 0.00231044 -0.00091851
0.99776985 0.00223312 -0.00089967
0.99812583 0.00216161 -0.00088224
0.99845094 0.00209598 -0.00086625
0.99874513 0.00203634 -0.00085170
0.99900841 0.00198275 -0.00083863
0.99924076 0.00193529 -0.00082705
0.99944215 0.00189402 -0.00081698
0.99961258 0.00185901 -0.00080843
0.99975204 0.00183029 -0.00080142
0.99986052 0.00180792 -0.00079596
0.99993801 0.00179191 -0.00079205
0.99998450 0.00178230 -0.00078970
1.00000000 0.00177909 -0.00078892
