Optimized
1.000000    0.000000
0.990000    0.000594
0.980000    0.001222
0.970000    0.001894
0.960000    0.002620
0.950000    0.003415
0.940000    0.004296
0.930000    0.005279
0.920000    0.006382
0.910000    0.007621
0.900000    0.009011
0.890000    0.010564
0.880000    0.012292
0.870000    0.014204
0.860000    0.016304
0.850000    0.018597
0.840000    0.021083
0.830000    0.023760
0.820000    0.026623
0.810000    0.029664
0.800000    0.032874
0.790000    0.036242
0.780000    0.039752
0.770000    0.043390
0.760000    0.047139
0.750000    0.050980
0.740000    0.054895
0.730000    0.058864
0.720000    0.062866
0.710000    0.066881
0.700000    0.070889
0.690000    0.074871
0.680000    0.078805
0.670000    0.082675
0.660000    0.086462
0.650000    0.090150
0.640000    0.093723
0.630000    0.097168
0.620000    0.100471
0.610000    0.103623
0.600000    0.106613
0.590000    0.109435
0.580000    0.112082
0.570000    0.114550
0.560000    0.116836
0.550000    0.118939
0.540000    0.120859
0.530000    0.122599
0.520000    0.124161
0.510000    0.125549
0.500000    0.126770
0.490000    0.127828
0.480000    0.128731
0.470000    0.129486
0.460000    0.130102
0.450000    0.130587
0.440000    0.130948
0.430000    0.131194
0.420000    0.131334
0.410000    0.131373
0.400000    0.131321
0.390000    0.131182
0.380000    0.130963
0.370000    0.130667
0.360000    0.130300
0.350000    0.129862
0.340000    0.129357
0.330000    0.128784
0.320000    0.128143
0.310000    0.127431
0.300000    0.126646
0.290000    0.125785
0.280000    0.124843
0.270000    0.123814
0.260000    0.122692
0.250000    0.121472
0.240000    0.120146
0.230000    0.118708
0.220000    0.117151
0.210000    0.115470
0.200000    0.113658
0.190000    0.111710
0.180000    0.109623
0.170000    0.107392
0.160000    0.105015
0.150000    0.102487
0.140000    0.099808
0.130000    0.096974
0.120000    0.093979
0.110000    0.090814
0.100000    0.087468
0.090000    0.083916
0.080000    0.080123
0.070000    0.076031
0.060000    0.071553
0.050000    0.066548
0.040000    0.060786
0.030000    0.053879
0.020000    0.045087
0.010000    0.032619
0.000000    0.000000
0.000000    0.000000
0.010000    -0.028116
0.020000    -0.036641
0.030000    -0.041886
0.040000    -0.045547
0.050000    -0.048302
0.060000    -0.050495
0.070000    -0.052323
0.080000    -0.053906
0.090000    -0.055316
0.100000    -0.056601
0.110000    -0.057789
0.120000    -0.058897
0.130000    -0.059935
0.140000    -0.060908
0.150000    -0.061820
0.160000    -0.062671
0.170000    -0.063460
0.180000    -0.064189
0.190000    -0.064857
0.200000    -0.065464
0.210000    -0.066012
0.220000    -0.066501
0.230000    -0.066935
0.240000    -0.067315
0.250000    -0.067644
0.260000    -0.067925
0.270000    -0.068162
0.280000    -0.068359
0.290000    -0.068518
0.300000    -0.068644
0.310000    -0.068740
0.320000    -0.068809
0.330000    -0.068854
0.340000    -0.068878
0.350000    -0.068883
0.360000    -0.068871
0.370000    -0.068844
0.380000    -0.068802
0.390000    -0.068747
0.400000    -0.068679
0.410000    -0.068598
0.420000    -0.068504
0.430000    -0.068397
0.440000    -0.068274
0.450000    -0.068136
0.460000    -0.067981
0.470000    -0.067807
0.480000    -0.067613
0.490000    -0.067399
0.500000    -0.067161
0.510000    -0.066899
0.520000    -0.066611
0.530000    -0.066297
0.540000    -0.065954
0.550000    -0.065582
0.560000    -0.065181
0.570000    -0.064749
0.580000    -0.064286
0.590000    -0.063792
0.600000    -0.063267
0.610000    -0.062711
0.620000    -0.062124
0.630000    -0.061507
0.640000    -0.060860
0.650000    -0.060182
0.660000    -0.059476
0.670000    -0.058740
0.680000    -0.057975
0.690000    -0.057180
0.700000    -0.056355
0.710000    -0.055498
0.720000    -0.054609
0.730000    -0.053685
0.740000    -0.052724
0.750000    -0.051722
0.760000    -0.050677
0.770000    -0.049582
0.780000    -0.048434
0.790000    -0.047226
0.800000    -0.045952
0.810000    -0.044605
0.820000    -0.043178
0.830000    -0.041663
0.840000    -0.040052
0.850000    -0.038337
0.860000    -0.036511
0.870000    -0.034567
0.880000    -0.032499
0.890000    -0.030304
0.900000    -0.027979
0.910000    -0.025524
0.920000    -0.022944
0.930000    -0.020245
0.940000    -0.017441
0.950000    -0.014550
0.960000    -0.011598
0.970000    -0.008618
0.980000    -0.005654
0.990000    -0.002759
1.000000    0.000000
