Task 4b(i) — AVL SPANWISE panel independence (geometry fixed at 25 sections, chordwise 8)

seeds: [7000, 7001, 7002, 7003, 7004]

AERO -- relative error vs the finest level (10); 'worst' = worst seed
  level         CL         CD      CDind cd_profile         Cm          e        Xnp        CLa        Cma        Clp        Cnb        Cmq      CL_de      Cm_de
-- median over seeds -----------------------------------------------------------------------------------------------------------------------------------------------
      1   8.19e-03   1.80e-03   1.07e-03   8.50e-03   1.22e-02   1.48e-02   2.35e-03   7.23e-03   9.57e-03   2.48e-02   8.01e-03   7.30e-03   8.50e-03   9.09e-03
      2   3.56e-03   2.03e-03   1.50e-03   7.74e-04   5.38e-03   4.59e-03   1.09e-03   3.20e-03   4.29e-03   1.13e-02   5.52e-03   3.24e-03   7.77e-03   7.77e-03
      3   1.99e-03   7.27e-04   1.23e-03   3.77e-03   2.99e-03   2.14e-03   6.36e-04   1.80e-03   2.47e-03   6.57e-03   4.23e-03   1.84e-03   5.80e-03   5.78e-03
      4   1.21e-03   8.23e-04   9.53e-04   1.88e-04   1.89e-03   1.07e-03   4.10e-04   1.11e-03   1.57e-03   4.17e-03   3.39e-03   1.15e-03   4.33e-03   4.30e-03
      6   5.14e-04   5.48e-04   3.56e-04   5.72e-04   7.82e-04   3.23e-04   1.80e-04   4.61e-04   6.82e-04   1.80e-03   1.84e-03   4.86e-04   2.33e-03   2.15e-03
      8   1.81e-04   2.74e-04   1.50e-04   5.24e-04   2.61e-04   1.08e-04   6.90e-05   1.63e-04   2.42e-04   6.55e-04   8.49e-04   1.79e-04   9.53e-04   8.67e-04
-- WORST over seeds -----------------------------------------------------------------------------------------------------------------------------------------------
      1   1.37e-02   7.03e-03   1.18e-02   1.58e-02   1.83e-02   1.73e-02   3.27e-03   9.99e-03   1.20e-02   2.85e-02   1.73e-02   9.23e-03   9.64e-03   9.34e-03
      2   6.10e-03   2.49e-03   5.77e-03   3.52e-03   8.16e-03   6.68e-03   1.46e-03   4.49e-03   5.36e-03   1.29e-02   1.04e-02   3.99e-03   8.20e-03   7.94e-03
      3   3.49e-03   3.66e-03   3.32e-03   7.36e-03   4.69e-03   3.50e-03   8.30e-04   2.62e-03   3.11e-03   7.53e-03   7.44e-03   2.24e-03   6.20e-03   5.95e-03
      4   2.24e-03   1.19e-03   2.08e-03   1.83e-03   2.95e-03   2.06e-03   5.20e-04   1.67e-03   1.99e-03   4.82e-03   5.40e-03   1.40e-03   4.54e-03   4.41e-03
      6   9.82e-04   1.45e-03   8.65e-04   2.47e-03   1.28e-03   8.27e-04   2.21e-04   7.35e-04   8.72e-04   2.12e-03   2.97e-03   6.15e-04   2.44e-03   2.26e-03
      8   3.54e-04   1.96e-03   3.04e-04   3.60e-03   4.79e-04   3.10e-04   7.77e-05   2.73e-04   3.23e-04   7.88e-04   1.29e-03   2.28e-04   1.00e-03   9.23e-04

GEOMETRY (no VLM involved) -- relative error vs the finest level
  level       s_ref_xy_m2         b_ref_y_m           c_ref_m   aspect_ratio_xy
      1          0.00e+00          0.00e+00          0.00e+00          0.00e+00
      2          0.00e+00          0.00e+00          0.00e+00          0.00e+00
      3          0.00e+00          0.00e+00          0.00e+00          0.00e+00
      4          0.00e+00          0.00e+00          0.00e+00          0.00e+00
      6          0.00e+00          0.00e+00          0.00e+00          0.00e+00
      8          0.00e+00          0.00e+00          0.00e+00          0.00e+00

Task 4b(ii) — AVL CHORDWISE panel independence (geometry fixed at 25 sections, spanwise 4/interval)

seeds: [7000, 7001, 7002, 7003, 7004]

AERO -- relative error vs the finest level (20); 'worst' = worst seed
  level         CL         CD      CDind cd_profile         Cm          e        Xnp        CLa        Cma        Clp        Cnb        Cmq      CL_de      Cm_de
-- median over seeds -----------------------------------------------------------------------------------------------------------------------------------------------
      4   2.53e-02   7.13e-03   8.41e-03   4.95e-03   1.70e-02   1.59e-02   2.36e-03   7.78e-04   1.36e-03   4.93e-04   2.32e-02   2.26e-03   1.49e-01   1.40e-01
      6   1.24e-02   2.41e-02   4.21e-02   1.56e-03   1.36e-02   1.86e-03   8.06e-04   8.07e-05   6.43e-04   2.86e-04   1.73e-02   8.31e-04   7.70e-02   6.91e-02
      8   8.51e-03   1.71e-02   3.00e-02   1.03e-03   1.20e-02   1.83e-03   3.85e-04   5.86e-05   3.01e-04   1.87e-04   8.81e-03   3.92e-04   5.91e-02   5.52e-02
     12   2.67e-03   5.95e-03   1.13e-02   3.02e-04   3.60e-03   7.50e-04   8.55e-05   5.22e-05   6.44e-05   5.53e-05   3.86e-03   1.02e-04   2.04e-02   1.77e-02
     16   5.36e-04   2.06e-03   3.64e-03   5.02e-05   1.48e-03   4.29e-04   2.75e-05   2.63e-05   1.45e-05   1.54e-05   9.79e-04   4.82e-05   8.13e-03   7.21e-03
-- WORST over seeds -----------------------------------------------------------------------------------------------------------------------------------------------
      4   2.95e-02   2.63e-02   4.77e-02   5.44e-03   2.43e-02   2.10e-02   2.90e-03   1.50e-03   2.29e-03   1.36e-03   5.83e-02   3.38e-03   1.52e-01   1.41e-01
      6   1.58e-02   2.54e-02   4.60e-02   1.76e-03   1.84e-02   5.72e-03   1.12e-03   4.42e-04   1.06e-03   6.69e-04   2.10e-02   1.43e-03   7.81e-02   6.98e-02
      8   1.08e-02   1.80e-02   3.28e-02   1.15e-03   1.61e-02   4.29e-03   6.07e-04   2.79e-04   5.49e-04   4.40e-04   1.18e-02   7.64e-04   6.01e-02   5.56e-02
     12   3.14e-03   6.73e-03   1.20e-02   3.26e-04   4.39e-03   1.54e-03   2.04e-04   1.50e-04   1.49e-04   1.49e-04   4.96e-03   2.66e-04   2.07e-02   1.81e-02
     16   7.38e-04   2.21e-03   3.89e-03   6.56e-05   1.96e-03   5.50e-04   7.41e-05   6.70e-05   4.56e-05   5.17e-05   2.03e-03   8.54e-05   8.24e-03   7.29e-03

GEOMETRY (no VLM involved) -- relative error vs the finest level
  level       s_ref_xy_m2         b_ref_y_m           c_ref_m   aspect_ratio_xy
      4          0.00e+00          0.00e+00          0.00e+00          0.00e+00
      6          0.00e+00          0.00e+00          0.00e+00          0.00e+00
      8          0.00e+00          0.00e+00          0.00e+00          0.00e+00
     12          0.00e+00          0.00e+00          0.00e+00          0.00e+00
     16          0.00e+00          0.00e+00          0.00e+00          0.00e+00
